channel_num	detector_system	orientation	layer	side	num	x_center	y_center	z_center								
0	0	0	0	0	0	0	-198.699875	5.08
1	0	0	0	0	1	0	-167.999875	5.08
2	0	0	0	0	2	0	-137.299875	5.08
3	0	0	0	0	3	0	-106.599875	5.08
4	0	0	0	0	4	0	-75.899875	5.08
5	0	0	0	0	5	0	-45.199875	5.08
6	0	0	0	0	6	0	-14.499875	5.08
7	0	0	0	0	7	0	16.200125	5.08
8	0	0	0	0	8	0	46.900125	5.08
9	0	0	0	0	9	0	77.600125	5.08
10	0	0	0	0	10	0	108.300125	5.08
11	0	0	0	0	11	0	139.000125	5.08
12	0	0	0	0	12	0	169.700125	5.08
13	0	0	0	1	0	0	-198.064875	7.28
14	0	0	0	1	1	0	-167.364875	7.28
15	0	0	0	1	2	0	-136.664875	7.28
16	0	0	0	1	3	0	-105.964875	7.28
17	0	0	0	1	4	0	-75.264875	7.28
18	0	0	0	1	5	0	-44.564875	7.28
19	0	0	0	1	6	0	-13.864875	7.28
20	0	0	0	1	7	0	16.835125	7.28
21	0	0	0	1	8	0	47.535125	7.28
22	0	0	0	1	9	0	78.235125	7.28
23	0	0	0	1	10	0	108.935125	7.28
24	0	0	0	1	11	0	139.635125	7.28
25	0	0	0	1	12	0	170.335125	7.28
26	1	0	2	0	0	-73.75	-121.8	336.38
27	1	0	2	0	1	-73.75	-101.5	336.38
28	1	0	2	0	2	-73.75	-81.2	336.38
29	1	0	2	0	3	-73.75	-60.9	336.38
30	1	0	2	0	4	-73.75	-40.6	336.38
31	1	0	2	0	5	-73.75	-20.3	336.38
32	1	0	2	0	6	-73.75	0	336.38
33	1	0	2	0	7	-73.75	20.3	336.38
34	1	0	2	0	8	-73.75	40.6	336.38
35	1	0	2	0	9	-73.75	60.9	336.38
36	1	0	2	0	10	-73.75	81.2	336.38
37	1	0	2	0	11	-73.75	101.5	336.38
38	1	0	2	0	12	-73.75	121.8	336.38
39	1	0	2	1	0	73.75	-121.8	336.38
40	1	0	2	1	1	73.75	-101.5	336.38
41	1	0	2	1	2	73.75	-81.2	336.38
42	1	0	2	1	3	73.75	-60.9	336.38
43	1	0	2	1	4	73.75	-40.6	336.38
44	1	0	2	1	5	73.75	-20.3	336.38
45	1	0	2	1	6	73.75	0	336.38
46	1	0	2	1	7	73.75	20.3	336.38
47	1	0	2	1	8	73.75	40.6	336.38
48	1	0	2	1	9	73.75	60.9	336.38
49	1	0	2	1	10	73.75	81.2	336.38
50	1	0	2	1	11	73.75	101.5	336.38
51	1	0	2	1	12	73.75	121.8	336.38
52	1	1	3	0	0	-107.1	-65.25	348.84
53	1	1	3	0	1	-91.8	-65.25	348.84
54	1	1	3	0	2	-76.5	-65.25	348.84
55	1	1	3	0	3	-61.2	-65.25	348.84
56	1	1	3	0	4	-45.9	-65.25	348.84
57	1	1	3	0	5	-30.6	-65.25	348.84
58	1	1	3	0	6	-15.3	-65.25	348.84
59	1	1	3	0	7	0	-65.25	348.84
60	1	1	3	0	8	15.3	-65.25	348.84
61	1	1	3	0	9	30.6	-65.25	348.84
62	1	1	3	0	10	45.9	-65.25	348.84
63	1	1	3	0	11	61.2	-65.25	348.84
64	1	1	3	0	12	76.5	-65.25	348.84
65	1	1	3	0	13	91.8	-65.25	348.84
66	1	1	3	0	14	107.1	-65.25	348.84
67	1	1	3	1	0	-107.1	65.25	348.84
68	1	1	3	1	1	-91.8	65.25	348.84
69	1	1	3	1	2	-76.5	65.25	348.84
70	1	1	3	1	3	-61.2	65.25	348.84
71	1	1	3	1	4	-45.9	65.25	348.84
72	1	1	3	1	5	-30.6	65.25	348.84
73	1	1	3	1	6	-15.3	65.25	348.84
74	1	1	3	1	7	0	65.25	348.84
75	1	1	3	1	8	15.3	65.25	348.84
76	1	1	3	1	9	30.6	65.25	348.84
77	1	1	3	1	10	45.9	65.25	348.84
78	1	1	3	1	11	61.2	65.25	348.84
79	1	1	3	1	12	76.5	65.25	348.84
80	1	1	3	1	13	91.8	65.25	348.84
81	1	1	3	1	14	107.1	65.25	348.84
82	1	0	4	0	0	-73.75	-121.8	361.3
83	1	0	4	0	1	-73.75	-101.5	361.3
84	1	0	4	0	2	-73.75	-81.2	361.3
85	1	0	4	0	3	-73.75	-60.9	361.3
86	1	0	4	0	4	-73.75	-40.6	361.3
87	1	0	4	0	5	-73.75	-20.3	361.3
88	1	0	4	0	6	-73.75	0	361.3
89	1	0	4	0	7	-73.75	20.3	361.3
90	1	0	4	0	8	-73.75	40.6	361.3
91	1	0	4	0	9	-73.75	60.9	361.3
92	1	0	4	0	10	-73.75	81.2	361.3
93	1	0	4	0	11	-73.75	101.5	361.3
94	1	0	4	0	12	-73.75	121.8	361.3
95	1	0	4	1	0	73.75	-121.8	361.3
96	1	0	4	1	1	73.75	-101.5	361.3
97	1	0	4	1	2	73.75	-81.2	361.3
98	1	0	4	1	3	73.75	-60.9	361.3
99	1	0	4	1	4	73.75	-40.6	361.3
100	1	0	4	1	5	73.75	-20.3	361.3
101	1	0	4	1	6	73.75	0	361.3
102	1	0	4	1	7	73.75	20.3	361.3
103	1	0	4	1	8	73.75	40.6	361.3
104	1	0	4	1	9	73.75	60.9	361.3
105	1	0	4	1	10	73.75	81.2	361.3
106	1	0	4	1	11	73.75	101.5	361.3
107	1	0	4	1	12	73.75	121.8	361.3
108	1	1	5	0	0	-122.4	-65.25	373.76
109	1	1	5	0	1	-107.1	-65.25	373.76
110	1	1	5	0	2	-91.8	-65.25	373.76
111	1	1	5	0	3	-76.5	-65.25	373.76
112	1	1	5	0	4	-61.2	-65.25	373.76
113	1	1	5	0	5	-45.9	-65.25	373.76
114	1	1	5	0	6	-30.6	-65.25	373.76
115	1	1	5	0	7	-15.3	-65.25	373.76
116	1	1	5	0	8	0	-65.25	373.76
117	1	1	5	0	9	15.3	-65.25	373.76
118	1	1	5	0	10	30.6	-65.25	373.76
119	1	1	5	0	11	45.9	-65.25	373.76
120	1	1	5	0	12	61.2	-65.25	373.76
121	1	1	5	0	13	76.5	-65.25	373.76
122	1	1	5	0	14	91.8	-65.25	373.76
123	1	1	5	0	15	107.1	-65.25	373.76
124	1	1	5	0	16	122.4	-65.25	373.76
125	1	1	5	1	0	-122.4	65.25	373.76
126	1	1	5	1	1	-107.1	65.25	373.76
127	1	1	5	1	2	-91.8	65.25	373.76
128	1	1	5	1	3	-76.5	65.25	373.76
129	1	1	5	1	4	-61.2	65.25	373.76
130	1	1	5	1	5	-45.9	65.25	373.76
131	1	1	5	1	6	-30.6	65.25	373.76
132	1	1	5	1	7	-15.3	65.25	373.76
133	1	1	5	1	8	0	65.25	373.76
134	1	1	5	1	9	15.3	65.25	373.76
135	1	1	5	1	10	30.6	65.25	373.76
136	1	1	5	1	11	45.9	65.25	373.76
137	1	1	5	1	12	61.2	65.25	373.76
138	1	1	5	1	13	76.5	65.25	373.76
139	1	1	5	1	14	91.8	65.25	373.76
140	1	1	5	1	15	107.1	65.25	373.76
141	1	1	5	1	16	122.4	65.25	373.76
142	1	0	6	0	0	-73.75	-121.8	386.22
143	1	0	6	0	1	-73.75	-101.5	386.22
144	1	0	6	0	2	-73.75	-81.2	386.22
145	1	0	6	0	3	-73.75	-60.9	386.22
146	1	0	6	0	4	-73.75	-40.6	386.22
147	1	0	6	0	5	-73.75	-20.3	386.22
148	1	0	6	0	6	-73.75	0	386.22
149	1	0	6	0	7	-73.75	20.3	386.22
150	1	0	6	0	8	-73.75	40.6	386.22
151	1	0	6	0	9	-73.75	60.9	386.22
152	1	0	6	0	10	-73.75	81.2	386.22
153	1	0	6	0	11	-73.75	101.5	386.22
154	1	0	6	0	12	-73.75	121.8	386.22
155	1	0	6	1	0	73.75	-121.8	386.22
156	1	0	6	1	1	73.75	-101.5	386.22
157	1	0	6	1	2	73.75	-81.2	386.22
158	1	0	6	1	3	73.75	-60.9	386.22
159	1	0	6	1	4	73.75	-40.6	386.22
160	1	0	6	1	5	73.75	-20.3	386.22
161	1	0	6	1	6	73.75	0	386.22
162	1	0	6	1	7	73.75	20.3	386.22
163	1	0	6	1	8	73.75	40.6	386.22
164	1	0	6	1	9	73.75	60.9	386.22
165	1	0	6	1	10	73.75	81.2	386.22
166	1	0	6	1	11	73.75	101.5	386.22
167	1	0	6	1	12	73.75	121.8	386.22
168	1	1	7	0	1	-121.8	-65.25	398.33
169	1	1	7	0	2	-101.5	-65.25	398.33
170	1	1	7	0	3	-81.2	-65.25	398.33
171	1	1	7	0	4	-60.9	-65.25	398.33
172	1	1	7	0	5	-40.6	-65.25	398.33
173	1	1	7	0	6	-20.3	-65.25	398.33
174	1	1	7	0	7	0	-65.25	398.33
175	1	1	7	0	8	20.3	-65.25	398.33
176	1	1	7	0	9	40.6	-65.25	398.33
177	1	1	7	0	10	60.9	-65.25	398.33
178	1	1	7	0	11	81.2	-65.25	398.33
179	1	1	7	0	12	101.5	-65.25	398.33
180	1	1	7	0	13	121.8	-65.25	398.33
181	1	1	7	1	1	-121.8	65.25	398.33
182	1	1	7	1	2	-101.5	65.25	398.33
183	1	1	7	1	3	-81.2	65.25	398.33
184	1	1	7	1	4	-60.9	65.25	398.33
185	1	1	7	1	5	-40.6	65.25	398.33
186	1	1	7	1	6	-20.3	65.25	398.33
187	1	1	7	1	7	0	65.25	398.33
188	1	1	7	1	8	20.3	65.25	398.33
189	1	1	7	1	9	40.6	65.25	398.33
190	1	1	7	1	10	60.9	65.25	398.33
191	1	1	7	1	11	81.2	65.25	398.33
192	1	1	7	1	12	101.5	65.25	398.33
193	1	1	7	1	13	121.8	65.25	398.33
194	1	0	8	0	0	-73.75	-121.8	410.44
195	1	0	8	0	1	-73.75	-101.5	410.44
196	1	0	8	0	2	-73.75	-81.2	410.44
197	1	0	8	0	3	-73.75	-60.9	410.44
198	1	0	8	0	4	-73.75	-40.6	410.44
199	1	0	8	0	5	-73.75	-20.3	410.44
200	1	0	8	0	6	-73.75	0	410.44
201	1	0	8	0	7	-73.75	20.3	410.44
202	1	0	8	0	8	-73.75	40.6	410.44
203	1	0	8	0	9	-73.75	60.9	410.44
204	1	0	8	0	10	-73.75	81.2	410.44
205	1	0	8	0	11	-73.75	101.5	410.44
206	1	0	8	0	12	-73.75	121.8	410.44
207	1	0	8	1	0	73.75	-121.8	410.44
208	1	0	8	1	1	73.75	-101.5	410.44
209	1	0	8	1	2	73.75	-81.2	410.44
210	1	0	8	1	3	73.75	-60.9	410.44
211	1	0	8	1	4	73.75	-40.6	410.44
212	1	0	8	1	5	73.75	-20.3	410.44
213	1	0	8	1	6	73.75	0	410.44
214	1	0	8	1	7	73.75	20.3	410.44
215	1	0	8	1	8	73.75	40.6	410.44
216	1	0	8	1	9	73.75	60.9	410.44
217	1	0	8	1	10	73.75	81.2	410.44
218	1	0	8	1	11	73.75	101.5	410.44
219	1	0	8	1	12	73.75	121.8	410.44
220	1	1	9	0	0	-142.1	-65.25	422.55
221	1	1	9	0	1	-121.8	-65.25	422.55
222	1	1	9	0	2	-101.5	-65.25	422.55
223	1	1	9	0	3	-81.2	-65.25	422.55
224	1	1	9	0	4	-60.9	-65.25	422.55
225	1	1	9	0	5	-40.6	-65.25	422.55
226	1	1	9	0	6	-20.3	-65.25	422.55
227	1	1	9	0	7	0	-65.25	422.55
228	1	1	9	0	8	20.3	-65.25	422.55
229	1	1	9	0	9	40.6	-65.25	422.55
230	1	1	9	0	10	60.9	-65.25	422.55
231	1	1	9	0	11	81.2	-65.25	422.55
232	1	1	9	0	12	101.5	-65.25	422.55
233	1	1	9	0	13	121.8	-65.25	422.55
234	1	1	9	0	14	142.1	-65.25	422.55
235	1	1	9	1	0	-142.1	65.25	422.55
236	1	1	9	1	1	-121.8	65.25	422.55
237	1	1	9	1	2	-101.5	65.25	422.55
238	1	1	9	1	3	-81.2	65.25	422.55
239	1	1	9	1	4	-60.9	65.25	422.55
240	1	1	9	1	5	-40.6	65.25	422.55
241	1	1	9	1	6	-20.3	65.25	422.55
242	1	1	9	1	7	0	65.25	422.55
243	1	1	9	1	8	20.3	65.25	422.55
244	1	1	9	1	9	40.6	65.25	422.55
245	1	1	9	1	10	60.9	65.25	422.55
246	1	1	9	1	11	81.2	65.25	422.55
247	1	1	9	1	12	101.5	65.25	422.55
248	1	1	9	1	13	121.8	65.25	422.55
249	1	1	9	1	14	142.1	65.25	422.55
250	1	0	10	0	0	-73.75	-121.8	434.66
251	1	0	10	0	1	-73.75	-101.5	434.66
252	1	0	10	0	2	-73.75	-81.2	434.66
253	1	0	10	0	3	-73.75	-60.9	434.66
254	1	0	10	0	4	-73.75	-40.6	434.66
255	1	0	10	0	5	-73.75	-20.3	434.66
256	1	0	10	0	6	-73.75	0	434.66
257	1	0	10	0	7	-73.75	20.3	434.66
258	1	0	10	0	8	-73.75	40.6	434.66
259	1	0	10	0	9	-73.75	60.9	434.66
260	1	0	10	0	10	-73.75	81.2	434.66
261	1	0	10	0	11	-73.75	101.5	434.66
262	1	0	10	0	12	-73.75	121.8	434.66
263	1	0	10	1	0	73.75	-121.8	434.66
264	1	0	10	1	1	73.75	-101.5	434.66
265	1	0	10	1	2	73.75	-81.2	434.66
266	1	0	10	1	3	73.75	-60.9	434.66
267	1	0	10	1	4	73.75	-40.6	434.66
268	1	0	10	1	5	73.75	-20.3	434.66
269	1	0	10	1	6	73.75	0	434.66
270	1	0	10	1	7	73.75	20.3	434.66
271	1	0	10	1	8	73.75	40.6	434.66
272	1	0	10	1	9	73.75	60.9	434.66
273	1	0	10	1	10	73.75	81.2	434.66
274	1	0	10	1	11	73.75	101.5	434.66
275	1	0	10	1	12	73.75	121.8	434.66
276	1	1	11	0	0	-142.1	-65.25	446.77
277	1	1	11	0	1	-121.8	-65.25	446.77
278	1	1	11	0	2	-101.5	-65.25	446.77
279	1	1	11	0	3	-81.2	-65.25	446.77
280	1	1	11	0	4	-60.9	-65.25	446.77
281	1	1	11	0	5	-40.6	-65.25	446.77
282	1	1	11	0	6	-20.3	-65.25	446.77
283	1	1	11	0	7	0	-65.25	446.77
284	1	1	11	0	8	20.3	-65.25	446.77
285	1	1	11	0	9	40.6	-65.25	446.77
286	1	1	11	0	10	60.9	-65.25	446.77
287	1	1	11	0	11	81.2	-65.25	446.77
288	1	1	11	0	12	101.5	-65.25	446.77
289	1	1	11	0	13	121.8	-65.25	446.77
290	1	1	11	0	14	142.1	-65.25	446.77
291	1	1	11	1	0	-142.1	65.25	446.77
292	1	1	11	1	1	-121.8	65.25	446.77
293	1	1	11	1	2	-101.5	65.25	446.77
294	1	1	11	1	3	-81.2	65.25	446.77
295	1	1	11	1	4	-60.9	65.25	446.77
296	1	1	11	1	5	-40.6	65.25	446.77
297	1	1	11	1	6	-20.3	65.25	446.77
298	1	1	11	1	7	0	65.25	446.77
299	1	1	11	1	8	20.3	65.25	446.77
300	1	1	11	1	9	40.6	65.25	446.77
301	1	1	11	1	10	60.9	65.25	446.77
302	1	1	11	1	11	81.2	65.25	446.77
303	1	1	11	1	12	101.5	65.25	446.77
304	1	1	11	1	13	121.8	65.25	446.77
305	1	1	11	1	14	142.1	65.25	446.77
306	1	0	12	0	0	-73.75	-121.8	458.88
307	1	0	12	0	1	-73.75	-101.5	458.88
308	1	0	12	0	2	-73.75	-81.2	458.88
309	1	0	12	0	3	-73.75	-60.9	458.88
310	1	0	12	0	4	-73.75	-40.6	458.88
311	1	0	12	0	5	-73.75	-20.3	458.88
312	1	0	12	0	6	-73.75	0	458.88
313	1	0	12	0	7	-73.75	20.3	458.88
314	1	0	12	0	8	-73.75	40.6	458.88
315	1	0	12	0	9	-73.75	60.9	458.88
316	1	0	12	0	10	-73.75	81.2	458.88
317	1	0	12	0	11	-73.75	101.5	458.88
318	1	0	12	0	12	-73.75	121.8	458.88
319	1	0	12	1	0	73.75	-121.8	458.88
320	1	0	12	1	1	73.75	-101.5	458.88
321	1	0	12	1	2	73.75	-81.2	458.88
322	1	0	12	1	3	73.75	-60.9	458.88
323	1	0	12	1	4	73.75	-40.6	458.88
324	1	0	12	1	5	73.75	-20.3	458.88
325	1	0	12	1	6	73.75	0	458.88
326	1	0	12	1	7	73.75	20.3	458.88
327	1	0	12	1	8	73.75	40.6	458.88
328	1	0	12	1	9	73.75	60.9	458.88
329	1	0	12	1	10	73.75	81.2	458.88
330	1	0	12	1	11	73.75	101.5	458.88
331	1	0	12	1	12	73.75	121.8	458.88

